# idx  ttlv-json/5.28.0  ttlv-bytes/5.28.0  jose/5.28.0  label
0  0.00  0.00  574.77  "EC/ES256"
1  0.00  0.00  1057.73  "EC/ES384"
2  0.00  0.00  25115.01  "RSA/2048"
3  0.00  0.00  327.49  "aes-gcm/oct/128"
4  0.00  0.00  230.61  "aes-gcm/oct/256"
5  568.77  576.48  0.00  "ec/ed25519"
6  783.59  681.37  0.00  "ec/ed448"
7  701.31  845.73  0.00  "ec/p256"
8  1155.72  968.88  0.00  "ec/p384"
9  1699.87  1756.63  0.00  "ec/p521"
10  826.74  1475.09  0.00  "ec/secp256k1"
11  1951.90  1671.92  0.00  "pqc/ML-DSA-44"
12  1739.23  1718.39  0.00  "pqc/ML-DSA-65"
13  2418.68  1620.04  0.00  "pqc/ML-DSA-87"
14  1260.81  1436.55  0.00  "pqc/ML-KEM-1024"
15  1413.07  1669.99  0.00  "pqc/ML-KEM-512"
16  1409.04  1281.20  0.00  "pqc/ML-KEM-768"
17  2050.11  1498.74  0.00  "pqc/SLH-DSA-SHA2-128f"
18  2605.75  2582.82  0.00  "pqc/SLH-DSA-SHA2-256f"
19  326007.02  253210.13  0.00  "rsa/rsa-4096"
20  576.51  250.01  0.00  "symmetric/aes-128"
21  433.04  481.86  0.00  "symmetric/aes-192"
22  287.61  375.26  0.00  "symmetric/aes-256"
23  678.33  289.15  0.00  "symmetric/chacha20-256"
