# idx  ttlv-json/5.28.0  ttlv-bytes/5.28.0  jose/5.28.0  label
0  0.00  0.00  441.03  "EC/ES256"
1  0.00  0.00  896.68  "EC/ES384"
2  0.00  0.00  28050.62  "RSA/2048"
3  0.00  0.00  315.42  "aes-gcm/oct/128"
4  0.00  0.00  178.88  "aes-gcm/oct/256"
5  21626.78  21479.99  0.00  "covercrypt/master-keypair"
6  420.21  402.72  0.00  "ec/ed25519"
7  540.07  629.68  0.00  "ec/ed448"
8  419.54  467.87  0.00  "ec/p256"
9  895.34  816.72  0.00  "ec/p384"
10  1368.58  1464.12  0.00  "ec/p521"
11  518.75  669.95  0.00  "ec/secp256k1"
12  805.59  1079.26  0.00  "kem/ML-KEM-512"
13  775.87  546.49  0.00  "kem/ML-KEM-512/P-256"
14  1753.32  2054.24  0.00  "kem/ML-KEM-512/X25519"
15  967.66  709.26  0.00  "kem/ML-KEM-768"
16  635.69  797.09  0.00  "kem/ML-KEM-768/P-256"
17  2225.60  2569.18  0.00  "kem/ML-KEM-768/X25519"
18  646.50  636.33  0.00  "pqc/ML-DSA-44"
19  636.89  1014.85  0.00  "pqc/ML-DSA-65"
20  901.03  899.53  0.00  "pqc/ML-DSA-87"
21  569.62  586.96  0.00  "pqc/ML-KEM-1024"
22  603.68  656.74  0.00  "pqc/ML-KEM-512"
23  1211.64  475.94  0.00  "pqc/ML-KEM-768"
24  621.86  482.78  0.00  "pqc/X25519MLKEM768"
25  598.68  675.38  0.00  "pqc/X448MLKEM1024"
26  408927.91  219216.77  0.00  "rsa/rsa-4096"
27  229.12  187.28  0.00  "symmetric/aes-128"
28  213.42  505.55  0.00  "symmetric/aes-192"
29  513.03  226.86  0.00  "symmetric/aes-256"
30  235.84  299.37  0.00  "symmetric/chacha20-256"
